10 0.50234375 0.47578125 0.435791015625 0.434375
9 0.77734375 0.1796875 0.0328125 0.075048828125
10 0.228125 0.1796875 0.087451171875 0.087451171875
9 0.75546875 0.1796875 0.04853515625 0.049853515625
9 0.92109375 0.5 0.051513671875 0.050146484375
10 0.59765625 0.09765625 0.070263671875 0.070361328125
10 0.8859375 0.68515625 0.065478515625 0.064208984375
10 0.2203125 0.82890625 0.07177734375 0.0703125
10 0.5953125 0.91328125 0.0658203125 0.067333984375
10 0.06796875 0.5109375 0.0703125 0.065576171875
9 0.125 0.32890625 0.0501953125 0.05146484375
9 0.0921875 0.32890625 0.03427734375 0.08125
9 0.42421875 0.91328125 0.0484375 0.048486328125
9 0.39375 0.915625 0.028076171875 0.059423828125
9 0.7828125 0.83125 0.03427734375 0.065576171875
9 0.75546875 0.82890625 0.0328125 0.060888671875
9 0.9453125 0.50546875 0.04990234375 0.048486328125
9 0.41015625 0.09765625 0.026611328125 0.064111328125
9 0.3828125 0.0953125 0.043701171875 0.043798828125
9 0.11953125 0.69296875 0.0328125 0.0703125
9 0.08984375 0.69296875 0.048486328125 0.0484375
10 0.8859375 0.3234375 0.068701171875 0.06865234375
9 0.76640625 0.1796875 0.0546875 0.075048828125
9 0.93203125 0.5 0.048486328125 0.075048828125
9 0.10625 0.32578125 0.059423828125 0.064111328125
9 0.39375 0.0953125 0.053271484375 0.056103515625
9 0.4046875 0.915625 0.059326171875 0.05947265625
9 0.76328125 0.83125 0.063916015625 0.062548828125
9 0.10625 0.69296875 0.059423828125 0.0703125