10 0.50234375 0.47578125 0.46171875 0.4078125
9 0.77734375 0.1796875 0.0328125 0.07578125
10 0.228125 0.1796875 0.08671875 0.08671875
9 0.75546875 0.1796875 0.0328125 0.06484375
9 0.92109375 0.5 0.02734375 0.07578125
10 0.59765625 0.09765625 0.07578125 0.06484375
10 0.8859375 0.68515625 0.06484375 0.06484375
10 0.2203125 0.82890625 0.0703125 0.0703125
10 0.5953125 0.91328125 0.0703125 0.06484375
10 0.06796875 0.5109375 0.0703125 0.06484375
9 0.125 0.32890625 0.0328125 0.0703125
9 0.0921875 0.32890625 0.0328125 0.08125
9 0.42421875 0.91328125 0.0328125 0.06484375
9 0.39375 0.915625 0.02734375 0.06015625
9 0.7828125 0.83125 0.0328125 0.06484375
9 0.75546875 0.82890625 0.0328125 0.06015625
9 0.9453125 0.50546875 0.021875 0.07578125
9 0.41015625 0.09765625 0.02734375 0.06484375
9 0.3828125 0.0953125 0.02734375 0.06015625
9 0.11953125 0.69296875 0.0328125 0.0703125
9 0.08984375 0.69296875 0.02734375 0.0703125
10 0.8859375 0.3234375 0.06484375 0.0703125
9 0.76640625 0.1796875 0.0546875 0.07578125
9 0.93203125 0.5 0.04921875 0.07578125
9 0.10625 0.32578125 0.06015625 0.06484375
9 0.39375 0.0953125 0.04921875 0.06015625
9 0.4046875 0.915625 0.04921875 0.0703125
9 0.76328125 0.83125 0.06015625 0.06484375
9 0.10625 0.69296875 0.06015625 0.0703125