11 0.08671875 0.0703125 0.1734375 0.140625
11 0.26875 0.0734375 0.1796875 0.146875
11 0.43515625 0.06796875 0.16328125 0.1359375
11 0.0921875 0.23125 0.184375 0.16875
11 0.103125 0.41328125 0.18515625 0.17421875
11 0.1328125 0.896875 0.16875 0.17421875
11 0.90234375 0.2390625 0.15234375 0.16328125
11 0.9046875 0.40234375 0.1359375 0.15234375
11 0.91875 0.55703125 0.13046875 0.146875
11 0.91015625 0.86171875 0.146875 0.1578125
11 0.75 0.89140625 0.14140625 0.14140625
11 0.60625 0.89140625 0.1359375 0.13046875
11 0.7578125 0.07578125 0.146875 0.1515625
11 0.91484375 0.07578125 0.1578125 0.1515625
11 0.59765625 0.07890625 0.15234375 0.1578125
10 0.49765625 0.5296875 0.9078125 0.896875