11 0.0859375 0.07421875 0.15625 0.1484375
11 0.26796875 0.07734375 0.1640625 0.1546875
11 0.43515625 0.06796875 0.164013671875 0.1359375
11 0.0921875 0.23125 0.184375 0.16875
11 0.103125 0.41328125 0.178271484375 0.179638671875
11 0.1328125 0.896875 0.171875 0.171826171875
11 0.90234375 0.2390625 0.157763671875 0.156396484375
11 0.9046875 0.40234375 0.14375 0.142333984375
11 0.91875 0.55703125 0.137646484375 0.1390625
11 0.91015625 0.86171875 0.146875 0.1578125
11 0.75 0.89140625 0.140771484375 0.142041015625
11 0.60625 0.89140625 0.1314453125 0.132958984375
11 0.7578125 0.07578125 0.146875 0.1515625
11 0.91484375 0.0765625 0.1546875 0.153125
11 0.59765625 0.07890625 0.154736328125 0.1546875
10 0.49765625 0.5296875 0.90166015625 0.90302734375