5 0.21875 0.26484375 0.08359375 0.1546875
5 0.3125 0.31484375 0.08203125 0.15234375
5 0.43984375 0.28671875 0.09609375 0.2
5 0.56328125 0.3140625 0.0984375 0.171875
5 0.67265625 0.27421875 0.0921875 0.1828125
5 0.7828125 0.26796875 0.0921875 0.19140625
5 0.83046875 0.45625 0.1125 0.18046875
5 0.8265625 0.66015625 0.1046875 0.20234375
5 0.74140625 0.77734375 0.10234375 0.16953125
5 0.14765625 0.390625 0.0875 0.16953125
5 0.15 0.565625 0.08125 0.1546875
5 0.1703125 0.73359375 0.08515625 0.159375
5 0.271875 0.73359375 0.0875 0.1421875
5 0.36796875 0.6796875 0.08515625 0.1546875
5 0.515625 0.7 0.08359375 0.1609375
5 0.62421875 0.76015625 0.09453125 0.15703125