5 0.21875 0.26484375 0.084326171875 0.1546875
5 0.3125 0.31484375 0.115771484375 0.117138671875
5 0.43984375 0.28671875 0.148388671875 0.14833984375
5 0.56328125 0.3140625 0.13583984375 0.13447265625
5 0.67265625 0.27421875 0.1375 0.1375
5 0.7828125 0.26796875 0.09072265625 0.192138671875
5 0.83046875 0.45625 0.1125 0.181201171875
5 0.8265625 0.66015625 0.153125 0.151708984375
5 0.74140625 0.77734375 0.101611328125 0.170263671875
5 0.14765625 0.390625 0.0875 0.168798828125
5 0.15 0.565625 0.11875 0.11865234375
5 0.1703125 0.73359375 0.121923828125 0.121875
5 0.271875 0.73359375 0.11552734375 0.11416015625
5 0.36796875 0.6796875 0.085888671875 0.15322265625
5 0.515625 0.7 0.084326171875 0.16240234375
5 0.62421875 0.76015625 0.126513671875 0.126513671875