5 0.228125 0.0671875 0.08828125 0.0734375
5 0.659375 0.04375 0.07578125 0.06640625
5 0.10625 0.59453125 0.07578125 0.07109375
5 0.421875 0.23125 0.06953125 0.0515625
5 0.76484375 0.25625 0.04921875 0.04140625
5 0.92265625 0.18046875 0.05078125 0.05
5 0.425 0.5703125 0.0671875 0.0515625
5 0.6890625 0.4140625 0.05703125 0.05390625
5 0.91796875 0.4015625 0.0671875 0.04296875
5 0.77265625 0.3734375 0.046875 0.0390625
5 0.82578125 0.54296875 0.0796875 0.05
5 0.38828125 0.96640625 0.0828125 0.0671875
5 0.825 0.96328125 0.13515625 0.0734375