5 0.228125 0.0671875 0.087548828125 0.07197265625
5 0.659375 0.04375 0.071728515625 0.071728515625
5 0.10625 0.59453125 0.072021484375 0.073388671875
5 0.421875 0.23125 0.059423828125 0.05947265625
5 0.76484375 0.25625 0.045263671875 0.043896484375
5 0.92265625 0.18046875 0.051513671875 0.05
5 0.425 0.5703125 0.06865234375 0.05302734375
5 0.6890625 0.4140625 0.056103515625 0.056103515625
5 0.91796875 0.4015625 0.05478515625 0.056103515625
5 0.77265625 0.3734375 0.04375 0.04365234375
5 0.82578125 0.54296875 0.06416015625 0.06416015625
5 0.38828125 0.96640625 0.0828125 0.0671875
5 0.82421875 0.95546875 0.1046875 0.0890625