11 0.4953125 0.49765625 0.3720703125 0.373291015625
11 0.34765625 0.3515625 0.054638671875 0.053173828125
11 0.421875 0.353125 0.05009765625 0.053173828125
11 0.496875 0.35234375 0.053076171875 0.054736328125
11 0.49765625 0.42734375 0.051611328125 0.054736328125
11 0.34609375 0.50546875 0.051611328125 0.053125
11 0.4171875 0.5046875 0.05302734375 0.053173828125
11 0.57265625 0.50390625 0.053125 0.054541015625
11 0.64921875 0.35078125 0.054541015625 0.05458984375
11 0.6484375 0.4265625 0.053173828125 0.053173828125
11 0.65 0.503125 0.053125 0.053076171875
11 0.346875 0.57578125 0.05302734375 0.051708984375
11 0.346875 0.64609375 0.053173828125 0.053125
11 0.49609375 0.57421875 0.053125 0.053125
11 0.4984375 0.64609375 0.0529296875 0.051708984375
11 0.57265625 0.64296875 0.0515625 0.051611328125
11 0.65078125 0.64453125 0.0546875 0.054736328125