9 0.48359375 0.1765625 0.04375 0.0703125
9 0.521875 0.6328125 0.04375 0.0703125
9 0.49453125 0.60625 0.04375 0.0703125
9 0.06796875 0.5515625 0.02734375 0.06015625
9 0.05703125 0.22265625 0.02734375 0.04375
9 0.040625 0.228125 0.02734375 0.0546875
9 0.04921875 0.53515625 0.0328125 0.04921875
9 0.45078125 0.1796875 0.0328125 0.06484375
9 0.81015625 0.29609375 0.021875 0.04921875
9 0.790625 0.29609375 0.01640625 0.04921875
9 0.4671875 0.1765625 0.06484375 0.0703125
9 0.79921875 0.29375 0.04375 0.0546875
9 0.5078125 0.61171875 0.06015625 0.0921875
9 0.0546875 0.540625 0.0546875 0.06015625
9 0.05703125 0.228125 0.04921875 0.06484375