9 0.48359375 0.1765625 0.0578125 0.05634765625
9 0.521875 0.6328125 0.04375 0.07177734375
9 0.49453125 0.60625 0.05625 0.05634765625
9 0.06796875 0.5515625 0.042333984375 0.043701171875
9 0.05703125 0.22265625 0.035888671875 0.03583984375
9 0.040625 0.228125 0.040771484375 0.04072265625
9 0.04921875 0.53515625 0.040625 0.042041015625
9 0.45078125 0.1796875 0.04853515625 0.049853515625
9 0.81015625 0.29609375 0.03583984375 0.035888671875
9 0.790625 0.29609375 0.031396484375 0.032763671875
9 0.4671875 0.1765625 0.068701171875 0.06865234375
9 0.79921875 0.29375 0.04375 0.05615234375
9 0.5078125 0.61171875 0.075146484375 0.07646484375
9 0.0546875 0.540625 0.05634765625 0.056298828125
9 0.05703125 0.228125 0.048486328125 0.065576171875