9 0.12734375 0.1796875 0.1796875 0.359326171875
9 0.8765625 0.075 0.18125 0.15
9 0.8859375 0.1578125 0.1720703125 0.174853515625
9 0.41328125 0.68984375 0.05458984375 0.054638671875
9 0.375 0.67421875 0.05322265625 0.054638671875
9 0.33984375 0.23671875 0.038916015625 0.038916015625
9 0.3125 0.24453125 0.028076171875 0.04375
9 0.2828125 0.1796875 0.184423828125 0.359326171875
9 0.20390625 0.17109375 0.3640625 0.3421875
9 0.32890625 0.2390625 0.057666015625 0.0591796875
9 0.8796875 0.1109375 0.228125 0.221875
9 0.39140625 0.68203125 0.079541015625 0.07958984375