9 0.12734375 0.1796875 0.1796875 0.35859375
9 0.87734375 0.06015625 0.24453125 0.11953125
9 0.8859375 0.1578125 0.228125 0.11953125
9 0.41328125 0.68984375 0.04375 0.06484375
9 0.375 0.67421875 0.04375 0.06484375
9 0.33984375 0.23671875 0.02734375 0.04921875
9 0.3125 0.24453125 0.02734375 0.04375
9 0.2828125 0.1796875 0.18515625 0.35859375
9 0.20390625 0.17109375 0.3640625 0.3421875
9 0.32890625 0.2390625 0.06015625 0.0546875
9 0.88046875 0.10859375 0.2390625 0.2171875
9 0.39140625 0.68203125 0.07578125 0.08125