9 0.7796875 0.4296875 0.034521484375 0.0345703125
9 0.76640625 0.4375 0.0296875 0.031103515625
9 0.76875 0.4296875 0.050146484375 0.05302734375
9 0.9046875 0.79921875 0.040673828125 0.04208984375
9 0.875 0.78828125 0.04375 0.04228515625
9 0.54921875 0.5515625 0.04541015625 0.046826171875
9 0.5734375 0.5546875 0.040576171875 0.04072265625
9 0.5625 0.54921875 0.056298828125 0.057763671875
9 0.415625 0.10859375 0.028076171875 0.0546875
9 0.4046875 0.1171875 0.037646484375 0.037646484375
9 0.41015625 0.11171875 0.048583984375 0.048583984375