11 0.371875 0.06015625 0.056103515625 0.0546875
11 0.44765625 0.096875 0.03896484375 0.03759765625
11 0.578125 0.0546875 0.025048828125 0.015576171875
11 0.7203125 0.0203125 0.037548828125 0.028173828125
11 0.46328125 0.0125 0.01708984375 0.0185546875
11 0.1984375 0.08984375 0.021923828125 0.020263671875
11 0.0953125 0.1015625 0.01884765625 0.018701171875
11 0.36875 0.1828125 0.037353515625 0.037353515625
11 0.38671875 0.26171875 0.0265625 0.020361328125
11 0.24921875 0.28046875 0.026513671875 0.026513671875
11 0.16796875 0.22265625 0.020263671875 0.0140625
11 0.18046875 0.1859375 0.0109375 0.006298828125
11 0.11796875 0.21015625 0.032958984375 0.032958984375
11 0.06875 0.2203125 0.01865234375 0.015625
11 0.1265625 0.3140625 0.078125 0.059326171875
11 0.08515625 0.371875 0.064013671875 0.0625
11 0.2390625 0.36875 0.015771484375 0.015771484375
11 0.16640625 0.38828125 0.02041015625 0.02041015625
11 0.13046875 0.4421875 0.020166015625 0.018896484375
11 0.20390625 0.54296875 0.0203125 0.017236328125
11 0.5859375 0.221875 0.03115234375 0.031298828125
11 0.83984375 0.0796875 0.029736328125 0.031201171875
11 0.70625 0.1171875 0.031201171875 0.031298828125
11 0.915625 0.115625 0.040576171875 0.040576171875
11 0.975 0.0515625 0.043701171875 0.043798828125
11 0.921875 0.4140625 0.034375 0.03447265625
11 0.78828125 0.6375 0.0734375 0.056201171875
11 0.88984375 0.74453125 0.0421875 0.03125
11 0.91171875 0.93828125 0.0484375 0.048388671875
11 0.76484375 0.89765625 0.05458984375 0.05458984375
11 0.58125 0.9328125 0.031201171875 0.02197265625
11 0.47578125 0.9125 0.0375 0.025048828125
11 0.515625 0.775 0.034228515625 0.0314453125
11 0.48671875 0.7390625 0.023291015625 0.021875
11 0.384375 0.90703125 0.05615234375 0.05478515625
11 0.16171875 0.87578125 0.034375 0.035791015625
11 0.06796875 0.78671875 0.026611328125 0.0265625
11 0.1875 0.753125 0.05634765625 0.04375
11 0.36015625 0.79609375 0.05166015625 0.051611328125
11 0.31875 0.65859375 0.02197265625 0.021875
11 0.1390625 0.6796875 0.025048828125 0.024951171875
11 0.95078125 0.85234375 0.026611328125 0.0203125
11 0.5265625 0.475 0.531298828125 0.384423828125