11 0.371875 0.06015625 0.06328125 0.046875
11 0.44765625 0.096875 0.0421875 0.034375
11 0.578125 0.0546875 0.02578125 0.01484375
11 0.7203125 0.0203125 0.03828125 0.02890625
11 0.46328125 0.0125 0.0203125 0.0140625
11 0.1984375 0.08984375 0.02265625 0.01953125
11 0.0953125 0.1015625 0.0234375 0.01484375
11 0.36875 0.1828125 0.04453125 0.02890625
11 0.38671875 0.26171875 0.0265625 0.02109375
11 0.24921875 0.28046875 0.02890625 0.02265625
11 0.16796875 0.22265625 0.01953125 0.0140625
11 0.18046875 0.1859375 0.0109375 0.00703125
11 0.11796875 0.21015625 0.03828125 0.02890625
11 0.06875 0.2203125 0.0171875 0.015625
11 0.1265625 0.3140625 0.078125 0.05859375
11 0.08515625 0.371875 0.06328125 0.0625
11 0.2390625 0.36875 0.01796875 0.01484375
11 0.16640625 0.38828125 0.025 0.0171875
11 0.13046875 0.4421875 0.02265625 0.01640625
11 0.20390625 0.54296875 0.0203125 0.01796875
11 0.5859375 0.221875 0.0328125 0.02890625
11 0.83984375 0.0796875 0.03515625 0.02578125
11 0.70625 0.1171875 0.03671875 0.02578125
11 0.915625 0.115625 0.04609375 0.03359375
11 0.975 0.0515625 0.04921875 0.03828125
11 0.921875 0.4140625 0.040625 0.0296875
11 0.78828125 0.6375 0.0734375 0.05546875
11 0.88984375 0.74453125 0.0421875 0.03125
11 0.91171875 0.93828125 0.0546875 0.04140625
11 0.76484375 0.89765625 0.0640625 0.04375
11 0.58125 0.9328125 0.03046875 0.0234375
11 0.47578125 0.9125 0.0375 0.02578125
11 0.515625 0.775 0.03828125 0.028125
11 0.48671875 0.7390625 0.02265625 0.0203125
11 0.384375 0.90703125 0.0625 0.0484375
11 0.16171875 0.87578125 0.0390625 0.03046875
11 0.06796875 0.78671875 0.03046875 0.0234375
11 0.1875 0.753125 0.0578125 0.04375
11 0.36015625 0.79609375 0.0625 0.04140625
11 0.31875 0.65859375 0.0265625 0.01875
11 0.1390625 0.6796875 0.02890625 0.02109375
11 0.95078125 0.85234375 0.02734375 0.0203125
11 0.5265625 0.475 0.53203125 0.38515625