8 0.53828125 0.2640625 0.321875 0.15
8 0.18828125 0.265625 0.326611328125 0.153125
8 0.153125 0.42421875 0.25625 0.1140625
8 0.15546875 0.56484375 0.185888671875 0.18583984375
8 0.140625 0.69453125 0.21875 0.098486328125
8 0.30390625 0.67265625 0.095458984375 0.09541015625
8 0.08203125 0.77890625 0.1 0.042138671875
8 0.19296875 0.77890625 0.07021484375 0.070166015625
8 0.3078125 0.76640625 0.078173828125 0.079541015625
8 0.43515625 0.7546875 0.104736328125 0.106201171875
8 0.52421875 0.75234375 0.076708984375 0.076708984375
8 0.62890625 0.7328125 0.132861328125 0.13427734375
8 0.62734375 0.59765625 0.135986328125 0.135986328125
8 0.46640625 0.6125 0.1578125 0.15634765625
8 0.53828125 0.4390625 0.317138671875 0.165576171875
8 0.83984375 0.225 0.059375 0.059423828125
8 0.875 0.53203125 0.196923828125 0.173388671875
8 0.83984375 0.21796875 0.079638671875 0.07958984375
8 0.82421875 0.72890625 0.1625 0.161083984375