8 0.53828125 0.2640625 0.321875 0.15
8 0.18828125 0.265625 0.32734375 0.153125
8 0.153125 0.42421875 0.25625 0.1140625
8 0.15546875 0.56484375 0.25546875 0.115625
8 0.140625 0.69453125 0.21875 0.09921875
8 0.30390625 0.67265625 0.10546875 0.0875
8 0.08203125 0.77890625 0.1 0.04140625
8 0.19296875 0.77890625 0.090625 0.04765625
8 0.3078125 0.76640625 0.08046875 0.07578125
8 0.43515625 0.7546875 0.11015625 0.10078125
8 0.52421875 0.75234375 0.04765625 0.10703125
8 0.62890625 0.7328125 0.14453125 0.121875
8 0.62734375 0.59765625 0.13671875 0.13671875
8 0.46640625 0.6125 0.165625 0.1484375
8 0.53828125 0.4390625 0.31640625 0.16484375
8 0.83984375 0.225 0.05 0.06953125
8 0.875 0.53203125 0.19765625 0.17265625
8 0.83984375 0.21796875 0.06484375 0.09375
8 0.82421875 0.72890625 0.1078125 0.21640625